# request_density        eth0_tx      running_behind_cnt       lat_w_avg        lat_r_avg  lat_r_max      cpu_max
#           eth0_rx  running_on_time_cnt                                lat_w_max                  cpu_avg
#                 running_on_time_sleep_avg_in_ms                                                       disk_used_in_mb
#                                       running_behind_min_in_ms                                          parsing_stopped
#     1           2            3       4        5      6       7       8        9      10         11    12     13    14
#                                                                                                                      15
0075041  4572823636   5490947121   69715    64743      0       0   1.432   38.628   2.572     46.839  1.68  66.67  3983 F
0131812  8319794860  10085482839  122951    49213      0       0   2.649  693.886   1.987     40.005  2.59  77.81  8035 F
0210017 12687716005  15562365005  196106    35091      0       0   2.749  723.257   2.417    119.171  3.34  80.74 11797 F
0280708 17025804384  21240479252  259876    28108      0       0   1.509   56.501   1.904     66.812  7.83  90.22 15948 F
0353154 21847500153  27506725322  327620    23604    813   -1414   1.835 1407.369   6.898  23174.907 17.11  92.59 19118 F
0434435 26223918946  33221491365  400172    19822   3921   -3907   2.205  127.281   9.438   8944.440 22.72  96.00 23069 F
0520444 32471063617  40703427101  461444    17380  23914   -4842   7.431 1582.177   8.280  34756.233 38.94  96.98 27098 F
0602968 37136784716  47283679647  516028    15923  44386   -5511   9.860 1426.175  12.177  53840.124 48.14  96.53 30707 F
0680159 39393695820  50674393621  576442    14479  59394   -5972   4.340  175.157   7.084 122011.802 41.93  98.84 36867 F
0767461 42989709358  55126548922  613629    13696 101579   -6214   5.562 1060.174  16.505  33492.343 46.99  98.49 43361 F
0845300 45750710114  59132009963  645806    12914 141299   -7920   8.859 1456.594  18.685 165042.032 50.68  96.98 49330 F
0923923 48758522475  63746285268  674429    12635 187376   -7922  12.199 1011.517  18.650  89046.044 51.76 100.00 55753 F
1019052 52228629473  68089875209  733011    11355 220403   -9020  15.668  693.441  26.298  38075.821 52.36  97.70 60511 F
1109828 55723406965  72618135787  783784    10402 253273   -9914  24.639 1391.153  46.947 292988.071 58.21  98.50 66051 F
1201137 57984836854  76114688233  828087     9499 285847  -17321  52.408 6164.284  75.810  61726.403 59.48 100.00 71240 F
1293692 53833034722  72477292969  751273     9629 273867  -68519  40.061 1969.399  77.640 163712.207 61.25  98.45 66414 T
1386084 56466324057  74310303282  758908     9075 322388  -99392  86.300 8668.596 183.634 132906.287 67.75  98.99 71485 F
1466911 52763363728  69808588115  698261     9188 280313 -110171  58.607 1900.389 161.780 275497.061 72.27  99.51 66159 T
1529245 56087194571  73380154935  722548     9019 343067  -50487  76.868 5110.344 148.163  88807.410 73.02  98.71 66980 F
1571389 54268801772  71139852232  692175     9035 333770 -110591  82.351 3767.491 168.993 235953.648 74.31  99.76 59226 F
