# request_density        eth0_tx      running_behind_cnt       lat_w_avg        lat_r_avg  lat_r_max      cpu_max
#           eth0_rx  running_on_time_cnt                                lat_w_max                  cpu_avg        saturated
#                 running_on_time_sleep_avg_in_ms                                                       disk_used_in_mb
#                                       running_behind_min_in_ms                                          parsing_stopped
#     1           2            3       4        5      6       7       8        9      10         11    12     13    14  16
#                                                                                                                      15
0075041  1294994677   1523757809   69652   252116      0       0   6.615   80.934  11.420    514.536  2.15  56.96   701 F 0
0131812  2467974983   2930724981  122915   192167      0       0   6.393  126.474  16.681    689.627  2.97  61.77  1438 F 0
0210017  4085799116   4917857371  195904   137267      0       0   6.100   76.015  16.779   1915.956  3.42  66.75  2404 F 0
0280708  5572377885   6827531779  259819   109669      0       0   6.180  141.648  15.723    834.055  3.61  82.78  4523 F 0
0353154  7054677554   8741141882  328166    92281      0       0   6.080   80.181  15.173    821.291  4.08  85.31  5862 F 0
0434435  8691801837  10925926515  404195    76956      0       0   6.000  134.708  14.397    833.566  4.29  84.33  7246 F 0
0520444 10357183633  13134743253  486827    65088      0       0   6.052   74.647  13.659    820.678  4.91 100.00  9602 F 0
0602968 12054841276  15419861433  563858    58228      0       0   5.924   74.376  13.252   1252.928  5.01  89.20 11003 F 0
0680159 13670177337  17584628080  636685    52521      0       0   5.998   99.608  13.219    833.376  5.36  84.79 12931 F 0
0767461 15377668610  19954282177  716643    47213      0       0   6.092   88.038  12.757    846.364  5.94  90.86 14604 F 0
0845300 16993404272  22094515788  790183    43469      0       0   6.167   93.521  12.647    846.431  6.22  90.00 16564 F 0
0923923 18651083181  24324231664  866363    40722      0       0   6.073  101.687  12.114    834.943  6.55  87.15 20661 F 0
1019052 20620646170  26955015191  956414    37155    286    -465   6.053  171.451  12.122    910.454  6.87  90.02 20131 F 0
1109828 22426779175  29372939817 1040737    34376   1439   -2408   6.154  114.941  12.192    989.738  7.50  89.72 22267 F 0
1201137 24275337012  31908610484 1125497    32013   2174   -2907   6.876 1181.354  12.580    866.592  7.72 100.00 24084 F 0
1293692 26145036738  34295537706 1208232    30094   5095   -3377   6.202  109.584  12.031    914.630  8.29  91.65 25439 F 0
1386084 28069764440  36857568985 1289117    28338  11430   -5096   6.300  154.343  11.946    872.974  8.43  94.06 27625 F 0
1466911 29773642142  39167203446 1358862    26991  17069   -5147   6.490  696.021  11.940   1387.796  9.12  93.92 31185 F 0
1529245 31029768274  40883997374 1410427    26126  23432   -5562   6.304  113.396  12.142   1124.009  9.14  94.65 30825 F 0
1571389 31902821007  41933166875 1444140    25534  28281   -5888   6.591  103.074  12.159   1146.843  9.66  95.60 31155 F 0
